| ---------------- HEADER ------------------- |
a7 0d 0d 0a 00 00 00 00 9b e1 1c 67 14 00 00 00

e3 00 00 00 00 00 00 00 00 00 00 00 00 03 00 00
00 00 00 00 00 f3 1c 00 00 00 
                              97 00 02 00 65 00
64 00 a6 01 00 00 ab 01 00 00 00 00 00 00 00 00
01 00 64 01 53 00 
                  29 02 7a 0b 
                              48 65 6c 6c 6f 20
57 6f 72 6c 64 4e 
                  29 01 da 05 
                              70 72 69 6e 74 
                                             a9
00 f3 00 00 00 00 fa 15 2e 2f 54 65 73 74 65 2f
68 65 6c 6c 6f 77 6f 72 6c 64 2e 70 79 fa 08 3c
6d 6f 64 75 6c 65 3e 72 06 00 00 00 01 00 00 00
73 1b 00 00 00 f0 03 01 01 01 d8 00 05 80 05 80
6d d1 00 14 d4 00 14 d0 00 14 d0 00 14 d0 00 14
72 04 00 00 00


e3 | 00 00 00 00 | 00 00 00 00 | 00  00 00 00 | 03 00 00 00 | 00 00 00 00 | f3 | 1c 00 00 00